  0   0   0   0   0   0   0   0   0   0   0   0   0   0   0   0
  0   0   0   0   0   0 150  14   0  24  79  45   0   0   0   0
  0   0   0   0 160  34  14 184 163 117  95  10  14   0   0   0
 74   0   0 100  81 104 128 123  55  66   0   0   0   0  61   0
109 103 100 103 115  63  99 124  56 167 146   5   0   0   0   0
  0  98   4  75 141 151 147  73  79  12   0  70  16   0   0   0
  0   1 144 108 202  52  99  55 125 125   0   0  16   0   0   0
  0 188 137  77   0   2   1   4  47 114 171  20   0   1   8   0
  0 170  32   0   0   0   0   0   0  33 151 147   0   0   0   0
  0   7   9   0   0   0   0   0   0   0  52 149  82   7   0   0
  0   0  24   0   0   0   0   0   0   0   0  47  70  70   0   0
  0   0  18   0   0   0   0   0   0   0   0   0  57 139  96   0
  0   0   0  45   0   0   0   0   0   0   0   0   0   5 106   0
  0   0   0 129   0   0   0   0   0   0   0   0   0   0   0   0
  0   0   0   0   0   0   0   0   0   0   0   0   0   0   0   0
  0   0   0   0   0   0   0   0   0   0   0   0   0   0   0   0
  0   0   0   0   0   0   0   0   0   0   0   0   0   0   0   0
  0   0   0   0   0   0 158  15   0  26  89  49   0   0   0   0
  0   0   0   0 176  40  16 200 170 128 108  11  14   0   0   0
 86   0   0 103  88 118 145 134  61  72   0   0   0   0  63   0
120 117 118 116 125  73 113 135  61 179 156   5   0   0   0   0
  0  97   5  92 155 165 162  87  79  14   0  80  17   0   0   0
  0   1 160 122 211  59 104  62 139 144   0   0  17   0   0   0
  0 200 147  82   0   2   1   4  52 128 180  21   0   1  10   0
  0 182  33   0   0   0   0   0   0  37 163 169   0   0   0   0
  0   8   9   0   0   0   0   0   0   0  62 166 128   7   0   0
  0   0  24   0   0   0   0   0   0   0   0  53  80  78   0   0
  0   0  20   0   0   0   0   0   0   0   0   0  60 155 103   0
  0   0   0  47   0   0   0   0   0   0   0   0   0   7 123   0
  0   0   0 141   0   0   0   0   0   0   0   0   0   0   0   0
  0   0   0   0   0   0   0   0   0   0   0   0   0   0   0   0
  0   0   0   0   0   0   0   0   0   0   0   0   0   0   0   0
  0   0   0   0   0   0   0   0   0   0   0   0   0   0   0   0
  0   0   0   0   0   0 154  16   0  27  93  50   0   0   0   0
  0   0   0   0 181  40  16 203 174 132 178  12  13   0   0   0
 91   0   0 105  90 149 150 137  64  74   0   0   0   0  66   0
122 125 162 122 131  95 118 137  64 182 164   5   0   0   0   0
  0  84   5  99 155 168 165  98  76  14   0  86  16   0   0   0
  0   1 162 127 214  61 109  92 164 149   0   0  17   0   0   0
  0 203 151  84   0   2   1   4  79 191 182  21   0   1   9   0
  0 185  34   0   0   0   0   0   0  97 199 176   0   0   0   0
  0   9   9   0   0   0   0   0   0   0  93 182 138   8   0   0
  0   0  20   0   0   0   0   0   0   0   0  58 108  83   0   0
  0   0  20   0   0   0   0   0   0   0   0   0  64 164 106   0
  0   0   0  49   0   0   0   0   0   0   0   0   0  10 133   0
  0   0   0 145   0   0   0   0   0   0   0   0   0   0   0   0
  0   0   0   0   0   0   0   0   0   0   0   0   0   0   0   0
  0   0   0   0   0   0   0   0   0   0   0   0   0   0   0   0

  0   0   0   9   0   0   0   0   0   0   0   0   0   0   0   0
  0   0   0  36   0   0   0  18   0   0   1  93  98   0   0   0
  0   0  23   2   0   0  17   6   0   4  83 130  22   0   0   0
  0   4  15   0   0   6  11   0   7 105  82  45   0   0   0   0
  1  70  11   0  17  47   0  13 169 130  40   0   0   0   0   0
 21  86 102   2 115   1  19 160 136  51   1   0   0   0   0   0
  0  11 169  62 133  28 176 135  41   0   0   0   0   0   0   0
  0   2 133  67  70  62 121  53   2   0   0   0   0   0   0   0
  0  10 160 120 117  68  63   6   0   0   0   0   0   0   0   0
  1 106  41 127  91 124  36   8   0   0   0   0   0   0   0   0
  0   0  55 133  68  96  75  13   0   0   0   0   0   0   0   0
  0   6 136 111 142 147 159   7   0   0   0   0   0   0   0   0
  0   0   0  81 137  83 155  73   3   0   0   0  31  78   1   0
  0   0   0   3 113  27 128 143  36   7  43  20   1   0   0   0
  0   0   0   0  80  90  17 172 140  30   0   0   0   0   0   0
  0   0   0  68  86  13   0   4   0   0   0   0   0   0   0   0
  0   0   0   9   0   0   0   0   0   0   0   0   0   0   0   0
  0   0   0  37   0   0   0  18   0   0   1 100 116   0   0   0
  0   0  24   2   0   0  18   6   0   5  93 147  27   0   0   0
  0   4  15   0   0   7  11   0   9 137  96  51   0   0   0   0
  1  78  12   0  20  52   0  14 181 146  47   0   0   0   0   0
 24  95 114   2 124   1  22 176 148  61   1   0   0   0   0   0
  0  13 181  67 144  29 192 149  48   0   0   0   0   0   0   0
  0   2 143  74  74  62 135  60   2   0   0   0   0   0   0   0
  0  11 175 134 124  77  72   6   0   0   0   0   0   0   0   0
  1 118  46 143 105 138  38   8   0   0   0   0   0   0   0   0
  0   0  61 148  78 106  86  15   0   0   0   0   0   0   0   0
  0   6 150 123 158 162 172   7   0   0   0   0   0   0   0   0
  0   1   1  85 152 100 167  77   3   0   0   1  32  80   1   0
  0   0   0   3 130  29 141 153  38   8  45  21   1   0   0   0
  0   0   0   0  91  94  19 185 148  34   0   0   0   0   0   0
  0   0   0  76  97  13   0   4   0   0   0   0   0   0   0   0
  0   0   0   9   0   0   0   0   0   0   0   0   0   0   0   0
  0   0   0  39   0   0   0  19   0   0   1 104 124   0   0   0
  0   0  25   2   0   0  19   6   0   5  98 154  29   0   0   0
  0   4  15   0   0   6  11   0   9 146 121  54   0   0   0   0
  1  78  13   0  20  53   0  14 187 171  54   0   0   0   0   0
 24 101 159   3 128   1  23 182 181  81   1   0   0   0   0   0
  0  17 187  69 147  30 196 195  89   0   0   0   0   0   0   0
  0   2 147  80  75  61 158  95   2   0   0   0   0   0   0   0
  0  11 177 139 125  99 100   7   0   0   0   0   0   0   0   0
  1 121  49 149 108 143  40   9   0   0   0   0   0   0   0   0
  0   0  64 159  85 109  93  16   0   0   0   0   0   0   0   0
  0   7 155 125 164 163 175   7   0   0   0   0   0   0   0   0
  0   1   1  85 156 104 169  77   4   0   0   1  33  83   1   0
  0   0   0   3 161  35 144 157  42   8  42  22   1   0   0   0
  0   0   0   0 118  95  19 188 150  35   0   0   0   0   0   0
  0   0   0  78 101  13   0   4   0   0   0   0   0   0   0   0

  0   0   0   0   0   0   0   0   0   0   0   0   0   0   0   0
  0   0   0   0   0   0   0   0   0   0   0   0   0   0   0   0
  0   0   0   0   0   0   0   0   0   0   0   0  77   0   0   0
  0  97  22   0   0   0   0   0   0   0   0   0  30   0   0   0
  0  93 129  45   0   0   0   0   0   0   0   0   0  19   0   0
  0   1  82  82  40   0   0   0   0   0   0   0   0  42   0   0
  0   0   3 104 129  51   0   0   0   0   0   0   0   7  30   0
  0   0   0   7 168 135  41   2   0   0   0   0   3  35 140   0
  0  17   5   0  12 160 134  52   5   7  13   6  73 143 172   3
  0   0  17  10   0  19 176 120  62  35  75 159 155 127  17   0
  0   0   0   6  46   1  28  61  68 123  96 147  83  26  89  12
  0   0   0   0  17 114 132  69 116  90  68 141 136 113  79  85
  8  35   2   0   0   2  61  66 120 127 132 110  81   3   0  67
  0   0  23  14  10 101 168 133 160  40  54 135   0   0   0   0
  0   0   0   4  70  86  11   1  10 105   0   5   0   0   0   0
  0   0   0   0   0  21   0   0   0   0   0   0   0   0   0   0
  0   0   0   0   0   0   0   0   0   0   0   0   0   0   0   0
  0   0   0   0   0   0   0   0   0   0   0   0   0   0   0   0
  0   0   0   0   0   0   0   0   0   0   0   0  80   0   0   0
  0 115  26   0   0   0   0   0   0   0   0   0  31   0   0   0
  0 100 146  50   0   0   0   0   0   0   0   0   0  20   0   0
  0   1  93  95  47   1   0   0   0   0   0   0   0  44   0   0
  0   0   4 137 146  60   0   0   0   0   0   0   0   7  34   0
  0   0   0   8 181 148  47   2   0   0   0   0   3  38 148   0
  0  17   6   0  13 176 149  59   6   8  14   7  77 152 185   3
  0   0  17  11   0  21 192 135  71  38  85 171 166 140  18   0
  0   0   0   6  52   1  29  62  77 138 106 161  99  29  94  13
  0   0   0   0  19 123 144  73 123 104  78 158 151 129  91  96
  8  37   2   0   0   2  67  74 134 142 148 122  84   3   0  75
  0   0  24  15  12 114 181 143 174  46  60 149   0   0   0   0
  0   0   0   4  77  95  12   1  11 117   0   6   0   0   0   0
  0   0   0   0   0  23   0   0   0   0   0   0   0   0   0   0
  0   0   0   0   0   0   0   0   0   0   0   0   0   0   0   0
  0   0   0   0   0   0   0   0   0   0   0   0   0   0   0   0
  0   0   0   0   0   0   0   0   0   0   0   0  83   0   0   0
  0 124  29   0   0   0   0   0   0   0   0   0  32   0   0   0
  0 103 154  54   0   0   0   0   0   0   0   0   0  21   0   0
  0   1  97 120  54   1   0   0   0   0   0   0   0  42   0   0
  0   0   4 146 171  81   0   0   0   0   0   0   0   7  34   0
  0   0   0   9 186 181  89   2   0   0   0   0   3  41 149   0
  0  18   6   0  14 181 195  94   7   8  16   7  77 157 188   4
  0   0  18  11   0  22 196 158  99  40  93 174 168 144  18   0
  0   0   0   6  52   1  29  61  98 142 109 163 103  34  94  13
  0   0   0   0  19 127 147  75 125 108  84 164 156 160 117 100
  9  38   2   0   0   2  68  80 139 148 159 124  85   3   0  78
  0   0  25  14  12 158 186 146 177  48  63 155   0   0   0   0
  0   0   0   4  77 101  16   1  11 120   0   6   0   0   0   0
  0   0   0   0   0  24   0   0   0   1   0   0   0   0   0   0

  0   0   0   0   0   0   0   0   4   0  13  86  68   0   0   0
  0   0   0   0   0   0  30 140 172  17  90  80   0   0   0   0
  0   0   0   1  20  43   7  36 143 128  27 113   3   0   0   0
  0   1  78  31   0   0   0   3  73 155  83 137  81   0   0   0
  0   0   0   0   0   0   0   0   7 159 147 142 111 136   6   0
  0   0   0   0   0   0   0   0  13  75  96  68 133  55   0   0
  0   0   0   0   0   0   0   0   8  36 124  91 127  41 106   1
  0   0   0   0   0   0   0   0   6  63  68 117 120 160  10   0
  0   0   0   0   0   0   0   2  53 121  62  70  67 133   2   0
  0   0   0   0   0   0   0  41 135 176  28 133  62 169  11   0
  0   0   0   0   0   1  51 136 160  19   1 115   2 102  86  21
  0   0   0   0   0  40 130 169  13   0  47  17   0  11  70   1
  0   0   0   0  45  82 105   7   0  11   6   0   0  15   4   0
  0   0   0  22 130  83   4   0   6  17   0   0   2  23   0   0
  0   0   0  98  93   1   0   0  18   0   0   0  36   0   0   0
  0   0   0   0   0   0   0   0   0   0   0   0   9   0   0   0
  0   0   0   0   0   0   0   0   4   0  13  97  76   0   0   0
  0   0   0   0   0   0  34 148 185  19  94  91   0   0   0   0
  0   0   0   1  21  45   8  38 153 141  29 130   3   0   0   0
  0   1  80  32   1   0   0   3  77 167 100 152  85   1   1   0
  0   0   0   0   0   0   0   0   7 172 162 158 123 150   6   0
  0   0   0   0   0   0   0   0  15  86 106  78 148  61   0   0
  0   0   0   0   0   0   0   0   8  38 138 105 143  46 118   1
  0   0   0   0   0   0   0   0   6  72  77 124 134 175  11   0
  0   0   0   0   0   0   0   2  60 135  62  74  74 143   2   0
  0   0   0   0   0   0   0  48 149 192  29 144  67 181  13   0
  0   0   0   0   0   1  61 148 176  22   1 124   2 114  95  24
  0   0   0   0   0  47 146 181  14   0  52  20   0  12  78   1
  0   0   0   0  51  96 137   9   0  11   7   0   0  15   4   0
  0   0   0  27 147  93   5   0   6  18   0   0   2  24   0   0
  0   0   0 116 100   1   0   0  18   0   0   0  37   0   0   0
  0   0   0   0   0   0   0   0   0   0   0   0   9   0   0   0
  0   0   0   0   0   0   0   0   4   0  13 101  78   0   0   0
  0   0   0   0   0   0  35 150 188  19  95 118   0   0   0   0
  0   0   0   1  22  42   8  42 157 144  35 161   3   0   0   0
  0   1  83  33   1   0   0   4  77 169 104 156  85   1   1   0
  0   0   0   0   0   0   0   0   7 175 163 164 125 155   7   0
  0   0   0   0   0   0   0   0  16  93 109  85 159  64   0   0
  0   0   0   0   0   0   0   0   9  40 143 108 149  49 121   1
  0   0   0   0   0   0   0   0   7 100  99 125 139 177  11   0
  0   0   0   0   0   0   0   2  95 158  61  75  80 147   2   0
  0   0   0   0   0   0   0  89 195 196  30 147  69 187  17   0
  0   0   0   0   0   1  81 181 182  23   1 128   3 159 101  24
  0   0   0   0   0  54 171 187  14   0  53  20   0  13  78   1
  0   0   0   0  54 121 146   9   0  11   6   0   0  15   4   0
  0   0   0  29 154  98   5   0   6  19   0   0   2  25   0   0
  0   0   0 124 104   1   0   0  19   0   0   0  39   0   0   0
  0   0   0   0   0   0   0   0   0   0   0   0   9   0   0   0
